#BJD             RV[km/s]  RV_err    FWHM[km/s] FWHM_err
2459940.690736   7.83228   0.01277   28.930   0.026
2459940.694993   7.81896   0.01238   28.914   0.025
2459940.699159   7.84087   0.01331   28.974   0.027
2459940.703327   7.80518   0.01263   28.933   0.025
2459940.707602   7.81086   0.01349   28.890   0.027
2459940.711703   7.82132   0.01289   28.883   0.026
2459940.715982   7.86502   0.01436   28.867   0.029
2459940.720229   7.86372   0.01443   28.863   0.029
2459940.724392   7.87420   0.01425   28.864   0.029
2459940.728590   7.85956   0.01340   28.786   0.027
2459940.732786   7.85220   0.01363   28.859   0.027
2459940.737003   7.87811   0.01307   28.857   0.026
2459940.741161   7.85824   0.01369   28.932   0.027
2459940.745432   7.82734   0.01221   28.936   0.024
2459940.749524   7.83748   0.01243   28.990   0.025
2459940.753723   7.80580   0.01225   28.959   0.024
2459940.757929   7.77958   0.01302   28.979   0.026
2459940.762283   7.77033   0.01197   29.001   0.024
2459940.766478   7.74953   0.01143   29.019   0.023
2459940.770642   7.73985   0.01100   29.029   0.022
2459940.774941   7.71794   0.01114   28.996   0.022
2459940.778906   7.69180   0.01103   28.945   0.022
2459940.783201   7.67448   0.01186   29.015   0.024
2459940.787388   7.68816   0.01037   28.925   0.021
2459940.791683   7.67169   0.01013   28.907   0.020
2459940.795872   7.64414   0.01147   28.885   0.023
2459940.800166   7.66587   0.01110   28.810   0.022
2459940.804166   7.65039   0.01056   28.815   0.021
2459940.808311   7.64763   0.01198   28.776   0.024
2459940.812719   7.65084   0.01132   28.782   0.023
2459940.816909   7.65743   0.01093   28.822   0.022
2459940.820981   7.68836   0.01079   28.878   0.022
2459940.825198   7.71511   0.01225   28.896   0.024
2459940.829515   7.70100   0.01375   28.880   0.027
2459940.833814   7.67637   0.01557   28.880   0.031
2459940.837946   7.69607   0.01297   28.871   0.026
2459940.842030   7.68614   0.01489   28.975   0.030
2459940.846967   7.69596   0.01301   28.877   0.026
